IMAGE=examples/data/2019-07-29T204726_Alt60_Azi-135_Try1.tiff
MATCHES=16 FOV=11.421557 RMSE_arcsec=5.024573
idx,y,x,mag_getcentroids,mag_catalog,delta_signed,delta_abs,flux_sum,centroid_match_dist_px
0,585.496,490.391,-12.793693,4.140000,-16.933692,16.933692,131062.070,0.000000
1,728.412,592.708,-12.116099,4.590000,-16.706099,16.706099,70216.578,0.000000
2,26.847,272.846,-11.710209,4.860000,-16.570209,16.570209,48315.188,0.000000
3,318.478,560.657,-11.848888,4.980000,-16.828888,16.828888,54897.844,0.000000
4,57.256,725.695,-11.167701,5.390000,-16.557701,16.557701,29314.355,0.000000
5,277.223,969.601,-11.095359,5.570000,-16.665360,16.665360,27424.818,0.000000
6,697.549,89.087,-11.427290,5.740000,-17.167290,17.167290,37231.973,0.000000
7,214.531,274.645,-10.621290,5.800000,-16.421290,16.421290,17722.137,0.000000
8,575.472,702.410,-10.200690,5.890000,-16.090690,16.090690,12030.285,0.000000
9,354.780,207.155,-10.716363,6.140000,-16.856363,16.856363,19343.949,0.000000
10,301.672,868.373,-10.405099,6.410000,-16.815099,16.815099,14522.445,0.000000
11,541.139,982.397,-9.969787,6.460000,-16.429787,16.429787,9725.567,0.000000
12,443.953,222.244,-10.220520,6.480000,-16.700520,16.700520,12252.031,0.000000
13,193.884,651.529,-10.158852,6.610000,-16.768852,16.768852,11575.526,0.000000
14,441.534,89.151,-9.480201,6.700000,-16.180201,16.180201,6195.559,0.000000
15,92.350,600.963,-9.841722,6.710000,-16.551722,16.551722,8643.481,0.000000
MEAN_DELTA_SIGNED=-16.640235
MEAN_DELTA_ABS=16.640235
MAX_DELTA_ABS=17.167290
MIN_DELTA_ABS=16.090690
