IMAGE=examples/data/2019-07-29T204726_Alt40_Azi-135_Try1.tiff
MATCHES=11 FOV=11.426214 RMSE_arcsec=6.460633
idx,y,x,mag_getcentroids,mag_catalog,delta_signed,delta_abs,flux_sum,centroid_match_dist_px
0,298.279,256.105,-12.717491,3.800000,-16.517491,16.517491,122178.945,0.000000
1,4.691,635.334,-11.832213,5.160000,-16.992213,16.992213,54061.160,0.000000
2,43.071,219.565,-11.059446,5.340000,-16.399446,16.399446,26532.506,0.000000
3,347.674,870.070,-10.444176,6.160000,-16.604176,16.604176,15054.643,0.000000
4,265.868,581.278,-10.360684,6.290000,-16.650684,16.650684,13940.353,0.000000
5,510.497,690.521,-10.227431,6.500000,-16.727431,16.727431,12330.266,0.000000
6,493.015,248.571,-9.821416,6.570000,-16.391416,16.391416,8483.328,0.000000
7,680.706,733.403,-9.487511,6.720000,-16.207511,16.207511,6237.414,0.000000
8,550.518,575.480,-9.659505,6.740000,-16.399505,16.399505,7308.058,0.000000
9,455.737,774.504,-9.874560,6.890000,-16.764560,16.764560,8908.902,0.000000
10,115.603,140.352,-9.587211,6.940000,-16.527212,16.527212,6837.299,0.000000
MEAN_DELTA_SIGNED=-16.561968
MEAN_DELTA_ABS=16.561968
MAX_DELTA_ABS=16.992213
MIN_DELTA_ABS=16.207511
