IMAGE=examples/data/2019-07-29T204726_Alt40_Azi-135_Try1.tiff
MATCHES=11 FOV=11.426214 RMSE_arcsec=6.460633
MAG_CAL_OFFSET=16.527212
idx,y,x,catalog_mag,measured_flux_sum,inst_mag,aligned_mag,delta_mag,centroid_match_dist_px
0,298.279,256.105,3.8000,122178.945,-12.71749,3.80972,0.00972,0.00000
1,4.691,635.334,5.1600,54061.160,-11.83221,4.69500,-0.46500,0.00000
2,43.071,219.565,5.3400,26532.506,-11.05945,5.46777,0.12777,0.00000
3,347.674,870.070,6.1600,15054.643,-10.44418,6.08304,-0.07696,0.00000
4,265.868,581.278,6.2900,13940.353,-10.36068,6.16653,-0.12347,0.00000
5,510.497,690.521,6.5000,12330.266,-10.22743,6.29978,-0.20022,0.00000
6,493.015,248.571,6.5700,8483.328,-9.82142,6.70580,0.13580,0.00000
7,680.706,733.403,6.7200,6237.414,-9.48751,7.03970,0.31970,0.00000
8,550.518,575.480,6.7400,7308.058,-9.65950,6.86771,0.12771,0.00000
9,455.737,774.504,6.8900,8908.902,-9.87456,6.65265,-0.23735,0.00000
10,115.603,140.352,6.9400,6837.299,-9.58721,6.94000,-0.00000,0.00000
MAE=0.165791
P50=0.127766
P90=0.319700
