IMAGE=examples/data/2019-07-29T204726_Alt60_Azi-135_Try1.tiff
MATCHES=16 FOV=11.421557 RMSE_arcsec=5.024573
MAG_CAL_OFFSET=16.682940
idx,y,x,catalog_mag,measured_flux_sum,inst_mag,aligned_mag,delta_mag,centroid_match_dist_px
0,585.496,490.391,4.1400,131062.070,-12.79369,3.88925,-0.25075,0.00000
1,728.412,592.708,4.5900,70216.578,-12.11610,4.56684,-0.02316,0.00000
2,26.847,272.846,4.8600,48315.188,-11.71021,4.97273,0.11273,0.00000
3,318.478,560.657,4.9800,54897.844,-11.84889,4.83405,-0.14595,0.00000
4,57.256,725.695,5.3900,29314.355,-11.16770,5.51524,0.12524,0.00000
5,277.223,969.601,5.5700,27424.818,-11.09536,5.58758,0.01758,0.00000
6,697.549,89.087,5.7400,37231.973,-11.42729,5.25565,-0.48435,0.00000
7,214.531,274.645,5.8000,17722.137,-10.62129,6.06165,0.26165,0.00000
8,575.472,702.410,5.8900,12030.285,-10.20069,6.48225,0.59225,0.00000
9,354.780,207.155,6.1400,19343.949,-10.71636,5.96658,-0.17342,0.00000
10,301.672,868.373,6.4100,14522.445,-10.40510,6.27784,-0.13216,0.00000
11,541.139,982.397,6.4600,9725.567,-9.96979,6.71315,0.25315,0.00000
12,443.953,222.244,6.4800,12252.031,-10.22052,6.46242,-0.01758,0.00000
13,193.884,651.529,6.6100,11575.526,-10.15885,6.52409,-0.08591,0.00000
14,441.534,89.151,6.7000,6195.559,-9.48020,7.20274,0.50274,0.00000
15,92.350,600.963,6.7100,8643.481,-9.84172,6.84122,0.13122,0.00000
MAE=0.206865
P50=0.139054
P90=0.484350
